50367977
50390707
50447757
50511818
50522679
50539954
50545283
50564161
50573579
50574502
50578703
50583124
50588799
50589014
50595807
50596506
50598451
50599529
50599813
50600228
50602337
50602353
50603600
50604111
50604231
50605631
50606067
50606311
50607899
50608626
50608650
50608689
50609034
50609235
50609352
50609892
50609955
50610987
50611113
50611206
50611373
50611380
50611439
50611505
50611602
50611728
50612210
50612245
50612310
50612435
50612447
50612522
50612543
50613162
50613218
50613708
50613793
50614157
50614164
50614223
50614330
50614337
50614371
50614429
50614489
50614615
50615018
50615108
50615296
50615834
50615969
50616013
50616051
50616473
50616483
50616524
50616729
50616730
50617362
50617436
50617813
50617872
50618059
50618133
50618138
50618155
50618223
50618251
50618287
50618700
50618872
50618913
50619380
50619457
50619498
50619647
50619682
50620298
50620363
50620366
50620452
50620500
50620767
50620803
50620911
50620929
50620955
50621096
50621121
50621130
50621175
50621569
50621734
50622239
50622251
50622312
50622410
50622418
50623000
50623151
50623157
50623311
50623342
50623410
50623415
50623981
50624051
50624494
50624608
50624826
50624938
50624980
50624987
50625059
50625085
50625173
50625183
50625266
50625624
50625781
50625829
50626453
50626547
50626561
50626582
50627165
50627209
50627292
50627382
50627383
50627428
50627533
50627886
50628150
50628422
50628451
50628617
50629046
50629055
50629291
50630091
50607865
50620464
50630124
50631307
50613766
50634198
50627971
50594431
50629129
50629264
50634846
50624410
50624949
50628145
50628534
50638148
50638153
50622521
50625625
50631449
50632822
50638079
50637045
50638610
50634007
50613284
50624825
50625619
50631379
50631923
50633465
50634156
50633510
50633932
50634678
50612790
50635553
50636985
50634524
50633275
50633881
50634711
50639498
50628931
50629275
50629568
50633449
50634820
50635429
50636055
50638198
50628018
50630923
50636876
50636715
50639711
50640432
50630945
50647941
50641399
50641438
50624116
50637595
50638839
50641509
50642013
50647992
50636609
50638675
50638684
50640311
50641085
50646992
50629601
50632121
50633842
50644567
50635834
50636831
50636944
50571911
50635939
50636914
50641388
50644339
50632575
50638180
50642856
50652052
50651134
50652239
50629559
50632118
50634821
50635931
50638254
50641002
50641027
50643802
50643939
50645901
50653234
50639672
50638707
50642273
50644222
50645129
50646300
50647840
50648398
50617857
50645230
50649249
50648952
50641369
50642136
50646601
50648311
50649062
50649214
50648394
50650375
50657126
50645686
50651255
50634113
50642657
50646471
50647200
50651186
50639676
50641900
50641920
50643229
50644472
50647013
50647134
50647272
50647780
50648476
50648996
50649004
50649230
50649614
50650492
50656293
50657303
50636741
50648345
50649836
50656569
50611045
50644473
50646520
50652001
50652283
50654209
50632910
50643305
50645413
50650940
50638081
50642918
50648977
50651025
50651036
50651309
50653679
50609960
50644640
50645232
50651723
50652507
50652543
50653026
50653556
50654284
50657903
50572290
50653030
50662582
50662912
50651879
50653678
50641818
50647718
50649751
50653071
50649107
50652568
50653552
50655163
50656274
50656956
50630617
50641451
50639720
50647692
50648438
50658096
50659351
50629287
50656330
50658477
50658585
50658767
50654434
50654462
50654573
50657095
50664947
50651853
50666085
50639500
50667016
50648346
50659148
50667007
50642108
50649009
50657067
50658065
50627418
50656391
50659195
50661208
50661551
50662120
50649146
50651768
50658047
50658085
50661508
50662859
50653109
50655826
50659126
50659887
50660119
50662144
50662690
50662911
50670868
50670875
50670881
50643736
50663473
50664623
50664884
50661363
50628774
50658501
50658592
50662652
50664136
50664598
50656384
50659759
50662119
50636184
50642227
50656320
50661255
50661504
50655257
50664135
50666246
50666282
50666985
50667339
50663334
50664944
50667054
50667406
50659157
50666652
50667389
50668266
50668868
50670183
50673358
50643832
50649847
50668302
50678043
50669459
50669669
50672358
50645196
50659105
50666095
50672591
50679929
50664143
50672442
50652265
