6147761234
6145833758
6147144007
6145568006
6147792418
6147280088
6147356907
6142972982
6146431540
6146666888
6146539350
6147806078
6146881662
6147770126
6148157819
6145299873
6147969359
6145758712
6142433345
6146968424
6144689289
6140471088
6147813166
6146763528
6148115709
6147789657
6147021982
6147083949
6148315348
6148372543
6147550790
6146666982
6146671372
6147272413
6144438473
6145880953
6132307925
6147177324
6146680569
6146870683
6148302724
6147634145
6146012535
6147786392
6146925257
6146943505
6147335230
6147171408
6144240672
6145799575
6147007312
6146690631
6147929649
6145635298
6147036167
6147080536
6146200391
6147430467
6148335906
6148350954
6148113019
6147312713
6143306620
6146454884
6147766940
6146565314
6147155411
6143758254
6146512851
6146015578
6146896415
6146508990
6147200291
6148305013
6143304134
6147084931
6148251091
6145468332
6147975585
6146633487
6146366694
6147595211
6146282113
6146141985
6147082344
6148409054
6146437308
6146832961
6147893580
6148277815
6146472596
6135432961
6139215998
6146397194
6148340301
6135742392
6148073519
6147429124
6143493618
6148253678
6146711922
6148107725
6147815958
6145448643
6145782508
6147088035
6145557954
6146296680
6147518414
6147087998
6147234682
6148284380
6146770157
6147013181
6145663914
6148000856
6145993604
6147998035
6146682773
6130244634
6147340671
6148245760
6146081850
6147443029
6148255269
6147210466
6138851784
6138861963
6147497652
6148201192
6147202061
6146375708
6146726902
6147433385
6147244036
6148368957
6147997817
6146299045
6142602859
6148256478
6147989721
6144538712
6145832584
6148107245
6147200166
6146699352
6148105172
6148073202
6146549602
6146099148
6147253648
6146155386
6148184379
6147517807
6147216102
6148405384
6146325883
6141572936
6145849113
6147981596
6147342118
6146623461
6148313616
6146173915
6147765696
6148183951
6147233128
6147212768
6147265588
6146422147
6147892817
6146961678
6143010314
6147340911
6145718552
6147652287
6147589560
6148351996
6145005909
6147391179
6146709452
6140362913
6146338143
6146912006
6145710725
6148334345
6147764567
6148302274
6148231237
6148255715
6146332690
6148390967
6147602034
6147789706
6146889788
6145674039
6136874271
6147896002
6146684053
6147081903
6148339565
6146896632
6147093121
6146671126
6147743165
6147776695
6146626686
6148203695
6147793470
6146557447
6147079981
6147790724
6147054525
6148330953
6146789930
6145343899
6148254843
6146876385
6146997193
6147713261
6142410404
6145808528
6146859854
6145088282
6146874821
6146568585
6146768650
6147796560
6148353000
6146868372
6147265782
6146013909
6147078192
6145389315
6146434983
6147886774
6148324265
6146145344
6148374548
6147276053
6148409367
6146506886
6147003461
6147899917
6147536773
6147268481
6145411482
6145260962
6143218934
6147295299
6146599468
6143294231
6146256297
6147239708
6145051275
6146832311
6146674554
6147086218
6146728436
6146015763
6147131217
6146561986
6147765117
6147518467
6147266983
6137470951
6146369465
6147809113
6147578700
6147791328
6145179855
6145861173
6146924867
6147583520
6147894555
6146368461
6147051196
6146854140
6143151145
6147604656
6147587892
6145112551
6146710377
6147247016
6148395699
6148302845
6146860656
6147814312
6146685792
6146052037
6147701971
6148254243
6147340034
6147791872
6147384143
6146754578
6147425103
6146222145
6146704758
6146291850
6146798813
6147394544
6147442337
6145009645
6147746827
6148305056
6146094222
6146567901
6146597427
6143076023
6140002875
6145567422
6148200444
6139538609
6148401361
6146611824
6146674653
6145835506
6148259163
6148363314
6148382778
6144873439
6145440857
6144639227
6146640262
6147423035
6146838547
6147392685
6146847522
6146411382
6145176027
6144634894
6146969553
6147203343
6147316707
6147580665
6147912152
6146500324
6147282064
6145069374
6145213511
6148064337
6143161376
6147304669
6146665289
6147895475
6147067410
6147998631
6147484460
6146995553
6147280474
6147002485
6146860733
6146792973
6144086764
6148302947
6148188354
6147930008
6147781342
6147589675
6144951546
6143064034
6147784737
6146449308
6148198795
6147500671
6146571100
6148129352
6147069222
6145866168
6148073963
6146492655
6148105096
6145204159
6148017574
6147430699
6148390176
6148304960
6147673780
6142980466
6148253320
6147729060
6146791220
6145478068
6145213442
6144974086
6144429646
6146319688
6146999165
6147268771
6147023486
6147470326
6146265120
6142441249
6146628702
6147578307
6147488588
6146303007
6147181610
6144366585
6148285411
6147705177
6148019981
6145123767
6146650523
6143091728
6146899251
6145174021
6146671299
6145668658
6146603457
6146002671
6143271711
6148084563
6147518816
6148259492
6147028731
6147444189
6146682653
6146801336
6147592487
6147569412
6139065838
6147448921
6148214230
6147668172
6147499116
6146418646
6145793785
6147469129
6147483861
6143474112
6145334373
6147480991
6146529279
6143155519
6148115162
6144445410
6146809705
6147661842
6146170181
6148051513
6144523661
6147565988
6146572418
6147160138
6146679890
6148388863
6146658411
6147587526
6147197422
6147118160
6147606786
6146221302
6146680412
6146997174
6147677747
6146804912
6146566873
6147347340
6148364529
6146394158
6143880378
6148046972
6144209658
6147732969
6148052301
6148354752
6147056479
6144356298
6148233120
6145891163
6130261001
6147163133
6148002775
6146895729
6147893316
6146622601
6145335506
6146944030
6148106841
6146501124
6147391762
6147610847
6147251424
6147446612
6148078872
6147820682
6145062036
6132651206
6147896851
6148253030
6146791211
6145652242
6144193247
6142476642
6148069804
6146108805
6148254112
6147488433
6147821978
6146198444
6146763257
6147080219
6146489251
6148398903
6147730282
6146618216
6147715154
6147966223
6147593583
6145898107
6146147622
6146137554
6147234721
6146395759
6147863026
6146113243
6147679530
6146588473
6147786117
6147807966
6145508261
6130003789
6145212020
6147518456
6148305264
6144834530
6146837871
6147200333
6148090124
6147580054
6143980325
6145189708
6148360093
6145092029
6146852906
